8
13
17
19
22
23
28
36
41
44
58
59
61
80
88
90
96
108
121
122
127
128
129
135
136
145
149
152
153
157
158
159
160
165
171
173
175
186
188
189
190
192
204
215
218
234
236
248
252
255
264
265
269
271
274
277
278
279
284
291
301
306
307
313
320
324
333
335
342
344
348
349
354
355
360
363
371
372
373
377
384
392
404
405
409
415
416
426
438
441
451
458
465
467
477
489
505
506
510
513
516
520
521
528
534
536
541
549
557
558
563
564
575
578
591
592
593
599
601
605
612
617
619
624
629
633
635
638
642
645
660
662
681
685
686
691
699
701
702
711
718
721
733
735
738
747
748
749
750
751
754
760
762
764
766
768
774
776
778
780
782
789
791
796
797
801
805
808
817
824
826
836
839
843
844
854
855
857
859
860
869
872
873
874
876
881
890
891
895
901
910
918
920
931
933
934
941
942
943
944
945
961
968
977
978
985
989
1000
1001
1008
1023
1026
1029
1030
1042
1048
1050
1051
1052
1063
1066
1074
1090
1091
1093
1097
1100
1101
1104
1109
1111
1132
1134
1135
1141
1145
1146
1161
1164
1166
1173
1176
1180
1181
1186
1190
1193
1194
1195
1197
1199
1200
1205
1212
1215
1216
1217
1226
1228
1231
1234
1240
1241
1244
1247
1262
1274
1276
1277
1279
1286
1293
1298
1329
1335
1343
1348
1351
1353
1357
1358
1359
1371
1372
1373
1375
1388
1395
1396
1400
1401
1403
1407
1412
1414
1415
1418
1419
1420
1421
1425
1429
1434
1445
1451
1453
1456
1465
1471
1476
1478
1480
1490
1495
1497
1501
1504
1507
1514
1515
1521
1537
1539
1542
1546
1548
1549
1558
1560
1565
1567
1577
1599
1606
1609
1612
1614
1625
1630
1632
1634
1635
1636
1637
1639
1645
1647
1650
1652
1657
1670
1678
1679
1691
1692
1696
1699
1700
1705
1708
1711
1714
1718
1724
1734
1741
1746
1747
1748
1751
1768
1771
1782
1785
1786
1789
1790
1800
1806
1820
1821
1825
1845
1846
1856
1857
1862
1871
1872
1877
1881
1885
1892
1893
1905
1908
1910
1911
1917
1918
1920
1921
1926
1927
1935
1951
1955
1963
1966
1968
1972
1987
1990
1992
1993
2012
2014
2016
2020
2025
2044
2051
2059
2071
2072
2073
2102
2103
2104
2106
2108
2109
2111
2122
2124
2126
2135
2136
2146
2158
2163
2172
2173
2175
2180
2181
2182
2184
2189
2211
2213
2221
2230
2236
2245
2254
2257
2260
2273
2277
2279
2280
2284
2293
2300
2309
2312
2314
2316
2323
2330
2331
2333
2344
2345
2350
2351
2354
2357
2359
2362
2367
2377
2381
2385
2386
2387
2388
2393
2396
2400
2403
2420
2424
2429
2435
2441
2447
2451
2454
2468
2481
2483
2486
2494
2496
2502
2508
2514
2520
2521
2525
2530
2532
2534
2538
2540
2541
2542
2544
2545
2546
2549
2550
2554
2559
2564
2570
2574
2577
2582
2583
2585
2595
2596
2598
2601
2611
2619
2629
2634
2639
2643
2653
2659
2666
2668
2672
2675
2678
2679
2683
2697
2708
2713
2714
2722
2725
2728
2741
2742
2749
2752
2754
2764
2765
2767
2768
2770
2773
2774
2790
2794
2802
2831
2833
2848
2857
2859
2860
2861
2862
2865
2873
2877
2878
2884
2893
2896
2908
2942
2944
2958
2965
2971
2977
2987
2989
2994
2999
